Year,Total,Coal,Petroleum_Liquids,Petroleum_Coke,Natural_Gas,Other_Gases,Nuclear,Hydroelectric,Other_Renewables,Hydroelectric_pumped,Other,Type
2001,3736644,1903956,114647,10233,639129,9039,768826,216961,70769,-8823,11906,All
2002,3858452,1933130,78701,15867,691006,11463,780064,264329,79109,-8743,13527,All
2003,3883185,1973737,102734,16672,649908,15600,763733,275806,79487,-8535,14045,All
2004,3970555,1978301,100391,20754,710100,15252,788528,268417,83067,-8488,14232,All
2005,4055423,2012873,99840,22385,760960,13464,781986,270321,87329,-6558,12821,All
2006,4064702,1990511,44460,19706,816441,14177,787219,289246,96525,-6558,12974,All
2007,4156745,2016456,49505,16234,896590,13453,806425,247510,105238,-6896,12231,All
2008,4119388,1985801,31917,14325,882981,11707,806208,254831,126101,-6288,11804,All
2009,3950331,1755904,25972,12964,920979,10632,798855,273445,144279,-4627,11928,All
2010,4125060,1847290,23337,13724,987697,11313,806968,260203,167173,-5501,12855,All
2011,4100141,1733430,16086,14096,1013689,11566,790204,319355,193981,-6421,14154,All
2012,4047765,1514043,13403,9787,1225894,11898,769331,276240,218333,-4950,13787,All
2013,4065964,1581115,13820,13344,1124836,12853,789016,268565,253508,-4681,13588,All
2014,4093606,1581710,18276,11955,1126609,12022,797166,259367,279213,-6174,13461,All
2015,4077601,1352398,17372,10877,1333482,13117,797178,249080,295161,-5091,14028,All
2016,4076675,1239149,13008,11197,1378307,12807,805694,267812,341633,-6686,13754,All
2017,4034271,1205835,12414,8976,1296442,12469,804950,300333,386250,-6495,13096,All
2018,4178277,1149487,16245,8981,1469133,13463,807084,292524,414292,-5905,12973,All
2019,4127855,964957,11522,6819,1585814,12591,809409,287874,440799,-5261,13331,All
2020,4009085,773805,9877,7618,1616748,11182,789919,291111,501385,-5321,12761,All
2001,149175,20135,3952,1341,79755,8454,0,3145,27485,0,4908,Industrial
2002,152580,21525,3196,1207,79013,9493,0,3825,30489,0,3832,Industrial
2003,154530,19817,3726,1559,78705,12953,0,4222,28704,0,4843,Industrial
2004,153925,19773,4128,1839,78959,11684,0,3248,29164,0,5129,Industrial
2005,144739,19466,3804,1564,72882,9687,0,3195,29003,0,5137,Industrial
2006,148254,19464,2567,1656,77669,9923,0,2899,28972,0,5103,Industrial
2007,143128,16694,2355,1889,77580,9411,0,1590,28919,0,4690,Industrial
2008,137113,15703,1555,1664,76421,8507,0,1676,27462,0,4125,Industrial
2009,132329,13686,1474,1489,75748,7574,0,1868,26033,0,4457,Industrial
2010,144082,18441,844,1414,81583,8343,0,1668,26576,0,5214,Industrial
2011,141875,14490,657,1234,81911,8624,0,1799,27619,0,5541,Industrial
2012,146107,12603,563,2359,86500,8913,0,2353,27707,0,5108,Industrial
2013,150015,12554,495,2036,88733,8531,0,3463,29091,0,5113,Industrial
2014,144083,12341,544,1389,86209,8664,0,1282,28675,0,4978,Industrial
2015,145712,10896,563,990,88355,9401,0,1410,28635,0,5462,Industrial
2016,145890,9103,503,909,91197,8895,0,1269,28690,0,5324,Industrial
2017,143758,7669,463,776,91647,8343,0,1382,28550,0,4928,Industrial
2018,146798,7011,517,640,94892,9377,0,1149,28487,0,4725,Industrial
2019,148537,5957,424,576,100065,8554,0,1033,27361,0,4567,Industrial
2020,143221,5374,359,584,96342,8085,0,1035,27197,0,4245,Industrial
2001,7416,995,434,4,4434,0,0,66,1025,0,457,Commercial
2002,7415,992,426,6,4310,0,0,13,1065,0,603,Commercial
2003,7496,1206,416,8,3899,0,0,72,1302,0,594,Commercial
2004,8270,1340,493,7,3969,0,0,105,1575,0,781,Commercial
2005,8492,1353,368,7,4249,0,0,86,1673,0,756,Commercial
2006,8371,1310,228,7,4355,0,0,93,1619,0,758,Commercial
2007,8273,1371,180,9,4257,0,0,77,1614,0,764,Commercial
2008,7926,1261,136,6,4188,0,0,60,1555,0,720,Commercial
2009,8165,1096,157,5,4225,0,0,71,1769,0,842,Commercial
2010,8592,1111,117,7,4725,3,0,80,1714,0,834,Commercial
2011,10080,1049,86,3,5487,3,0,26,2476,0,950,Commercial
2012,11301,883,191,6,6603,0,0,28,2545,0,1046,Commercial
2013,12234,839,118,5,7154,0,0,44,2956,0,1118,Commercial
2014,12520,595,247,9,7227,0,0,38,3232,0,1171,Commercial
2015,12595,509,183,8,7471,0,0,35,3220,0,1170,Commercial
2016,12706,383,77,6,7730,0,0,217,3226,0,1068,Commercial
2017,13060,329,103,8,8042,0,0,240,3251,0,1088,Commercial
2018,13312,303,132,7,8419,0,0,227,3214,0,1010,Commercial
2019,13689,268,116,5,8610,0,0,188,3426,0,1076,Commercial
2020,13230,235,94,2,8207,0,0,206,3444,0,1041,Commercial
2001,2629946,1560146,74729,4179,264434,0,534207,197804,1666,-7704,486,Electric
2002,2549457,1514670,52838,6286,229639,206,507380,242302,3089,-7434,480,Electric
2003,2462281,1500281,62774,7156,186967,243,458829,249622,3421,-7532,519,Electric
2004,2505231,1513641,62196,11498,199662,374,475682,245546,3692,-7526,467,Electric
2005,2474846,1484855,58572,11150,238204,10,436296,245553,4945,-5383,643,Electric
2006,2483656,1471421,31269,9634,282088,30,425341,261864,6588,-5281,700,Electric
2007,2504131,1490985,33325,7395,313785,141,427555,226734,8953,-5328,586,Electric
2008,2475367,1466395,22206,5918,320190,46,424256,229645,11308,-5143,545,Electric
2009,2372776,1322092,18035,7182,349166,96,417275,247198,14617,-3369,483,Electric
2010,2471632,1378028,17258,8807,392616,52,424843,236104,17927,-4466,462,Electric
2011,2460851,1301107,11688,9428,414843,29,415298,291413,21933,-5492,604,Electric
2012,2339172,1146480,9892,5664,504958,0,394823,252936,28017,-4202,603,Electric
2013,2388058,1188452,9446,9522,501427,798,406114,243040,32417,-3773,615,Electric
2014,2382473,1173073,10696,9147,501414,112,419871,238185,34496,-5144,622,Electric
2015,2315323,998385,10386,8278,617817,199,416680,229640,37485,-4105,558,Electric
2016,2304923,922399,9069,8881,654780,154,424400,247787,42661,-5629,421,Electric
2017,2274279,893639,8567,6711,623834,149,424485,275677,46111,-5448,553,Electric
2018,2337250,863505,10108,6817,720206,151,424251,267336,49100,-4785,561,Electric
2019,2266004,722885,8313,5112,785026,154,430672,262364,55188,-4261,551,Electric
2020,2158664,582473,7501,5663,803829,45,428953,266321,67752,-4326,453,Electric
