state,1990,1991,1992,1993,1994,1995,1996,1997,1998,1999,2000,2001,2002,2003,2004,2005,2006,2007,2008,2009,2010,2011,2012,2013,2014,2015,2016,2017,2018
Alabama,27.28,28.02,29.3,29.96,29.15,30.72,31.88,30.88,30.47,30.86,32.1,30.04,31.08,31.15,31.46,31.56,31.67,31.72,29.75,25.37,27.89,27.21,25.69,25.15,25.56,24.86,23.75,22.5,23.22
Alaska,62.75,61.96,62.41,61.11,60.44,67.99,68.97,68.61,69.63,69.96,70.7,68.62,68.01,67.49,71.11,72.29,68.05,65.04,57.69,54.37,54.55,53.76,52.42,49.12,47.85,49.29,47.3,46.76,47.9
Arizona,17.15,16.91,17.09,17.02,16.94,15.08,14.97,15.15,15.72,16.05,16.74,16.83,16.33,16.35,17.18,16.64,16.64,16.58,16.34,14.79,14.94,14.5,14,14.42,13.91,13.37,12.6,12.29,12.63
Arkansas,21.7,21.01,21.4,20.67,21.93,22.91,23.59,22.93,23.25,23.86,23.81,23.39,22.74,22.85,22.78,21.7,22.04,22.3,22.39,21.3,22.62,22.98,22.47,23.24,23.38,19.97,20.96,21.54,23.74
California,11.99,11.38,11.33,10.88,11.33,10.9,10.74,10.67,10.83,10.76,11.09,11.06,10.89,10.46,10.87,10.71,10.89,10.96,10.41,9.96,9.72,9.26,9.31,9.3,9.15,9.27,9.22,9.22,9.2
Colorado,20.02,19.92,19.59,19.98,19.5,18.99,19.28,18.84,18.95,18.9,19.64,21.04,20.34,20.04,20.49,20.71,20.53,20.72,19.95,18.8,19.01,18.01,17.55,17.41,17.26,16.7,15.83,15.7,15.71
Connecticut,12.42,12.13,12.23,11.6,11.35,11.12,11.92,12.78,12.02,12.3,12.59,12.15,11.59,12.28,12.77,12.58,11.67,11.41,10.62,10.09,10.13,9.72,9.49,9.7,9.78,10.17,9.58,9.45,10.4
Delaware,24.99,25.68,23.56,25.23,23.86,22.15,22.65,20.48,19.62,19.55,20.35,19.48,18.95,19.36,19.32,19.93,18.37,19.03,17.72,13.46,12.55,13.52,14.64,14.21,13.69,13.66,14.08,13.03,13.09
Florida,14.52,14.24,14.12,14.06,14.28,14.34,14.42,14.44,15.01,14.71,14.97,14.61,14.52,14.51,14.82,14.65,14.3,14.01,12.9,12.05,12.88,12.03,11.57,11.38,11.5,11.51,11.18,10.94,10.88
Georgia,21.47,19.82,19.26,20.15,20.05,20.73,20.82,20.44,20.13,19.99,20.56,19.27,19.55,19.66,19.93,20.76,19.95,19.82,18.16,16.91,17.74,16.01,13.8,13.54,13.92,13.5,13.26,12.82,12.67
Hawaii,19.53,17.35,17.92,16.21,17.18,17,16.05,15.49,15.51,15.32,15.49,15.73,16.56,17.18,17.65,17.85,17.82,18.35,14.57,14.1,14.03,14.2,13.65,13.19,13.09,13.13,13.06,12.55,13.16
Idaho,11.23,11.58,10.59,11.24,11.01,11.39,11.66,11.26,11.25,11.72,12.07,11.82,11.21,10.58,11.24,11.06,10.78,10.85,10.13,9.77,10.17,9.98,9.83,10.65,10.23,10.87,10.92,10.85,10.86
Illinois,16.76,16.58,16.04,17.28,17.14,17.34,18.35,18.5,17.56,18.25,18.72,17.95,18.09,18.34,18.86,19.33,18.63,19.16,18.96,17.71,18.04,17.91,16.88,17.92,18.17,16.83,15.98,15.9,16.54
Indiana,36.99,35.99,35.04,35.46,35.04,35.62,36.05,36.46,36.34,37.06,39.05,37.12,37.46,38.21,37.89,37.45,36.78,36.48,35.52,31.8,33.56,32.3,29.93,30.63,31.35,28.33,27.62,26.75,28.56
Iowa,22.62,23.2,22.54,23.83,24.08,25.18,25.75,25.4,26.61,26.86,27.13,26.74,26.97,26.79,27.38,27.28,27.56,29.14,30.24,28.44,29.72,28.58,26.49,26.78,26.99,24.94,23.78,24.41,26.24
Kansas,27.96,27.19,25.93,27.82,27.69,26.49,28.48,27.11,26.49,27.66,28.16,26.52,28.28,28.86,27.66,26.28,26.15,28.72,26.58,25.71,25.4,24.67,22.86,24.1,24.13,22.08,21.37,20.15,21.45
Kentucky,32.01,31.82,32.25,34.77,33.89,34.98,35.01,35.84,34.89,35.64,35.67,35.89,35.88,34.74,35.79,36.03,36.26,36.05,35.22,32.6,34.54,34.14,31.38,31.14,31.38,29.13,28,25.81,27.09
Louisiana,46.41,45.89,47.01,47.49,48.6,48.21,48.89,50.22,46.58,46.26,50.25,44.14,46.01,44.84,46.67,44.82,49.17,48.53,48.29,44.55,46.81,47.16,44.48,42.85,42.43,42.99,43.4,45.26,45.29
Maine,15.52,15.07,15.7,15.27,16.4,15.32,15.65,15.76,15.44,16.15,17.5,17.47,18.51,18.09,18.27,17.53,16.06,15.78,14.33,13.82,13.62,13.21,11.92,12.5,12.51,12.69,12.36,11.66,11.18
Maryland,14.62,14.17,13.56,13.92,13.99,13.76,14.06,14,14.38,14.71,14.61,14.39,14.22,14.61,14.6,14.87,13.89,13.89,13.14,12.46,12.1,11.2,10.32,10.14,10.49,10.1,9.76,8.77,9.86
Massachusetts,13.92,13.72,14.02,13.46,13.41,12.86,12.9,13.79,13.38,12.89,12.98,12.88,12.98,13.18,12.94,13.21,11.95,12.43,11.86,10.79,10.94,10.29,9.26,9.78,9.43,9.66,9.38,9.33,9.17
Michigan,19.47,19.13,18.85,18.74,19.44,19.58,19.97,19.59,19.43,20.16,19.55,19.05,18.94,18.59,18.8,19.02,17.93,18.2,17.66,16.63,16.75,16.21,15.5,16.37,16.33,16.34,15.3,15.4,16.26
Minnesota,17.96,17.76,17.85,18.6,18.73,19.12,19.94,19.23,19.04,18.96,19.79,19,19.38,20.07,19.79,19.87,19.18,19.32,19.08,17.49,17.35,17.19,16.16,16.59,17.45,16.06,16.22,16,16.54
Mississippi,18.9,18.66,18.49,19.11,18.79,19.07,19.96,20.06,20.2,21.8,21.52,24.55,21.9,22.41,22.77,22.05,22.74,23.28,21.94,20.48,22.03,20.34,20.92,20.31,21.41,21.83,23.08,22.84,23.32
Missouri,20.03,19.91,19.61,19.12,20.34,21.5,22.44,22.91,23.51,23.42,22.4,23.1,23.17,24.26,24.19,24.54,23.99,23.64,22.94,21.85,22.41,22.47,21.12,21.99,21.87,20.27,19.44,20.28,20.24
Montana,33.85,34.94,35.64,32.48,35,33.96,30.39,32.62,34.35,34.65,33.83,35.02,33.03,35.23,36.6,37.38,36.99,38.05,36.87,33.05,34.79,31.68,30.18,31.26,31.46,31.18,29.47,29.18,28.98
Nebraska,20.9,21.25,20.35,22.2,22,23.31,23.76,24.38,25.43,24.6,24.36,25.03,24.65,25.13,24.89,24.95,25.09,25.13,26.08,26.22,27.36,28.54,27.41,28.84,27.93,26.94,25.6,25.2,27.41
Nevada,25.22,25.24,24.96,24.16,24.26,22.45,22.92,21.6,22.02,21.4,22.55,21.36,19.14,19.47,20.45,20.6,16.47,16.04,15.42,14.69,13.92,12.5,12.6,13.13,13.23,12.31,12.58,12.31,12.52
New Hampshire,13.29,12.96,12.97,13.28,13.17,13.08,13.08,13.99,13.84,13.77,14.12,13.5,13.92,16.39,17.04,16.42,14.85,14.63,14.26,12.98,12.61,12.31,11,10.79,11.27,11.38,10.25,10.03,10.5
New Jersey,14.02,14.06,14.77,14.19,15.31,15.11,14.88,14.95,14.32,14.66,14.51,14.09,14,14.09,14.33,14.85,14.01,14.86,14.54,12.52,12.94,12.94,11.71,12.12,12.78,12.58,12.5,11.52,12.18
New Mexico,35.07,31.63,32.44,32.07,31.17,29.65,30.01,31.51,30.93,31.21,31.96,31.86,29.89,30.72,30.88,30.75,30.55,29.69,28.1,28.19,25.84,26.83,25.75,25.49,24.05,24.11,23.19,23.51,21.73
New York,11.55,11.06,10.91,10.57,10.41,10.68,10.78,10.98,10.84,10.87,11.14,10.79,10.47,11.01,11.13,10.95,10,10.33,9.77,8.91,8.96,8.42,8.19,8.26,8.64,8.53,8.34,8.09,8.59
North Carolina,16.74,16.42,17.65,18.09,17.06,17.56,18.8,18.74,18.29,17.77,18.48,17.58,17.54,17.49,17.61,17.79,16.75,17.02,16.1,14.14,15.01,13.38,12.5,12.75,12.87,12.1,11.9,11.34,11.51
North Dakota,70.24,72,74.5,74.56,74.61,74.15,75.27,73.15,75.27,77.36,79.78,81.54,81.24,80.58,77.5,81.94,78.88,81.13,81.09,78.07,78.15,79.18,80.79,79.35,80.43,76.8,72.87,75.3,78.16
Ohio,22.65,22.34,22.58,22.84,22.41,22.52,23.55,23.08,22.88,22.74,23.35,22.36,22.88,23.53,23.07,23.76,23.07,23.36,22.68,20.5,21.54,20.51,18.75,19.95,20.08,18.42,17.85,17.74,17.89
Oklahoma,27.9,28.11,28.63,29.29,28.61,28.65,29.15,29.27,28.54,28.1,28.89,29.18,29.09,29.6,28.28,30.07,30.58,30.05,30.5,28.56,28.16,28.42,27.44,26.9,27.05,25.83,24.76,23.92,24.89
Oregon,10.56,11.61,11.64,11.48,11.77,10.7,11.14,10.85,12.27,12.41,11.94,11.74,11.16,11.19,11.42,11.39,10.98,11.76,11.34,10.73,10.6,9.61,9.47,9.98,9.6,9.49,9.28,9.35,9.46
Pennsylvania,22.17,21.39,22,22.19,21.88,22.02,22.48,22.56,21.63,21.47,22.5,21.41,21.91,22.14,22.3,22.49,21.92,22.05,21.31,19.24,20.11,19.49,18.6,19.36,19.32,18.05,17.04,17.04,17.31
Rhode Island,8.86,10.71,12.93,10.7,12.67,11.92,13.27,13.29,13.47,12.72,11.17,11.62,10.99,10.74,10.17,10.49,9.9,10.46,10.1,10.66,10.44,10.47,9.99,9.62,10.08,10.32,9.2,9.56,10.57
South Carolina,17.34,17.38,16.84,17.95,17.79,17.31,18.17,18.5,18.93,19.43,20.13,19.34,19.54,19.49,20.86,20.25,19.9,19.63,18.75,17.31,18.06,17.1,15.53,14.74,15.45,14.89,14.5,13.87,14.48
South Dakota,17.06,16.44,16.39,17.12,17.79,17.35,17.23,17.86,17.23,17.96,18.79,17.81,18.21,18,17.97,17.2,17.14,17.58,18.8,18.32,18.55,17.82,18.03,18.39,18.29,16.71,17.36,16.79,17.75
Tennessee,21.44,20.2,20.95,22.71,21.27,22.18,21.95,22.25,21.71,21.54,22.34,21.77,21.5,21.02,21.04,21,20.98,20.64,19.36,16.24,17.31,16.65,15.5,15.19,15.91,15.22,15.54,14.74,14.09
Texas,33.91,33,32.56,32.76,32.18,31.66,33.36,33.83,33.47,31.88,32.29,31.47,31.5,30.79,30.27,28.58,27.82,27.25,25.53,23.52,24.59,24.89,24.01,24.83,24.63,24.02,23.78,24,24.52
Utah,31.44,29.94,29.91,29.87,29.46,28.84,28.48,28.78,29.29,28.28,29.03,27.59,26.8,26.76,27.31,27.34,27.08,27.09,26.11,23.78,23.06,22.91,21.64,23.17,22.29,21.4,19.41,18.99,19.15
Vermont,9.72,9.98,10.71,10.72,10.31,10.18,10.57,10.86,10.42,10.73,11.05,10.8,10.33,10.68,11.34,10.96,10.72,10.44,9.5,9.87,9.41,9.28,8.73,9.19,9.44,9.85,9.53,9.4,9.44
Virginia,15.34,15.33,15.25,15.69,15.32,15.48,15.99,16.12,16.25,16.31,17.34,16.79,16.39,16.79,17.06,17.07,16,16.52,14.91,13.34,13.57,12.35,11.97,12.76,12.56,12.37,12.42,11.7,12.14
Washington,13.54,13.39,14.3,13.42,13.97,13.37,13.68,13.31,13.18,13.04,13.21,13.02,11.83,12.06,12.12,12.12,11.52,12.21,11.51,11.01,10.89,10.05,9.9,10.5,10.15,10.25,10.84,10.69,10.48
West Virginia,57.9,53.42,54.15,54.37,58.47,57.49,58.99,61.11,63.14,63.71,63.62,57.87,65.06,62.99,61.04,62.12,61.86,62.89,60.41,48.78,54.61,53.11,50,51.32,54.54,50.41,52.12,50.45,49.9
Wisconsin,17.55,17.8,17.41,17.83,18.28,18.67,19.31,19.67,19.17,19.85,20.11,19.59,19.68,19.21,19.54,20.02,18.47,18.67,18.64,16.97,17.34,17.14,15.83,17.65,17.64,17.4,16.63,17.06,17.47
Wyoming,125.85,120.76,131.3,123.04,125.86,119.99,122.07,120.48,129.99,126.76,128.13,128.43,124.75,127.91,126.17,123.61,122.99,124.67,122.98,114.18,116.16,113.47,115.67,118.18,112.93,109.02,104.75,108.26,110.2
