state,1990,1991,1992,1993,1994,1995,1996,1997,1998,1999,2000,2001,2002,2003,2004,2005,2006,2007,2008,2009,2010,2011,2012,2013,2014,2015,2016,2017,2018
Alabama,110.68,115.04,122.3,126.46,124.45,132.27,138.35,134.92,134.86,137.59,143.45,134.99,140,140.87,143.57,144.99,147.5,149.01,141.23,121.24,133.76,130.75,124.16,121.52,123.75,120.63,115.35,109.4,113.35
Alaska,34.76,35.37,36.94,36.67,36.52,41.15,42.09,42.07,43.37,44.01,44.57,43.75,43.9,43.93,47.19,48.47,46.22,44.46,39.87,38.17,39.04,38.87,38.39,36.22,35.22,36.32,34.99,34.52,35.16
Arizona,63.27,64.17,67.26,69.29,72.08,66.99,68.79,71.78,77.12,81.16,86.72,89.23,88.63,90.46,97.78,97.66,100.94,102.8,103.26,94.2,95.96,93.97,92.1,95.7,93.63,91.31,87.3,86.33,90.28
Arkansas,51.23,50.14,51.95,50.85,54.8,58.19,60.81,59.65,61.35,63.69,64.02,63.32,61.87,62.54,63.1,60.66,62.58,63.87,64.77,61.99,66.24,67.66,66.55,68.81,69.36,59.48,62.58,64.48,71.38
California,359.75,347.21,352.8,340.97,357.35,346.08,344.75,346.59,358.8,362.94,378.29,383.42,381.75,370.31,389.35,385.72,394.65,399.25,383.48,369.68,363.48,349.09,354.32,356.14,353.06,360.63,360.67,362.1,362.52
Colorado,66.32,67.56,68.82,72.33,72.78,72.82,75.74,75.72,78.38,80.38,85.3,93.65,91.82,91.16,94.38,96.42,97.5,100.06,98.14,93.87,96.15,92.37,91.45,91.79,92.33,91,87.55,87.9,89.29
Connecticut,40.97,40.13,40.57,38.44,37.73,37.03,39.86,42.79,40.63,41.9,43.13,41.95,40.31,42.98,44.96,44.33,41.3,40.46,37.89,36.08,36.34,34.91,34.24,34.9,35.14,36.48,34.21,33.69,37.11
Delaware,16.77,17.57,16.45,17.84,17.17,16.21,16.82,15.39,15.04,15.25,16.06,15.6,15.36,15.9,16.17,16.92,15.87,16.68,15.76,12.06,11.32,12.28,13.44,13.13,12.76,12.85,13.35,12.44,12.62
Florida,189.5,190.64,193.73,196.2,203.73,208.99,214.63,219.35,233.49,233.29,241.15,240.34,243.72,247.77,259.88,262.69,261.34,258.73,240.44,225.72,243.36,230.03,224.12,222.61,228.27,232.61,230.09,228.81,230.93
Georgia,140.07,132.05,131.95,140.84,143.82,152.21,156.47,157.13,159.01,161.87,169.83,162.3,167.24,170.28,176.04,186.28,183.78,186.26,173.66,163.46,172.71,157.17,137.1,135.08,140.11,137.4,136.38,133.16,133.05
Hawaii,21.78,19.75,20.87,19.05,20.45,20.39,19.37,18.77,18.93,18.66,18.88,19.39,20.65,21.59,22.64,23.2,23.49,24.28,19.52,19.08,19.18,19.61,19.11,18.58,18.52,18.68,18.62,17.83,18.68
Idaho,11.38,12.08,11.41,12.49,12.64,13.43,14.06,13.84,14.15,15.05,15.74,15.68,15.11,14.48,15.76,15.88,15.93,16.42,15.64,15.25,16.02,15.83,15.73,17.17,16.68,17.94,18.34,18.6,18.99
Illinois,192.23,192.14,188.47,204.39,204.63,208.7,222.56,225.46,216.56,226.96,233.69,225.34,227.83,231.27,239.2,245.04,237.04,244.51,243.16,227.59,232.12,230.72,218.22,231.15,234.07,216.39,204.53,202.68,210.16
Indiana,205.9,202.42,199.8,203.82,203.45,208.87,213.37,217.14,219.02,225.47,238.78,228.76,231.87,237.8,237.85,236.36,234.39,233.94,229.64,206.3,218.3,210.72,196.31,201.33,206.72,187.19,182.93,177.64,190.97
Iowa,63.02,65.01,63.82,67.72,68.8,72.34,74.31,73.46,77.62,78.88,79.78,78.84,79.57,79.17,81.46,81.28,82.71,87.85,91.78,86.65,90.88,87.75,81.77,82.86,83.9,77.83,74.33,76.51,82.52
Kansas,69.47,68.05,65.96,71.25,71.62,69.05,74.63,71.46,70.82,74.54,76.16,72.05,77.19,78.93,76.15,72.5,72.71,80.38,75.09,73.17,72.76,70.88,66.18,69.76,69.97,64.23,62.13,58.46,62.36
Kentucky,118.43,118.62,122.02,132.77,130.74,136.26,137.51,141.69,139.68,144.12,145,146.83,147.56,143.64,149.43,151.51,153.93,154.28,152.03,141.36,150.53,149.34,138.11,137.22,138.48,128.94,124.08,114.62,120.7
Louisiana,196.25,195.48,202.78,205.31,211.72,211.54,215.51,222.09,207.78,207.69,225.6,198.76,208.08,203.61,213.95,206.17,212.88,213.5,215.52,201.02,213.22,216.06,205.36,198.27,197.04,200.52,202.71,210.91,210.79
Maine,19.15,18.67,19.55,19,20.43,19.08,19.59,19.79,19.53,20.59,22.44,22.59,24.13,23.75,24.18,23.24,21.39,21.06,19.19,18.46,18.12,17.57,15.88,16.6,16.65,16.85,16.42,15.53,14.95
Maryland,70.3,69.09,67.09,69.34,70.42,69.9,72.03,72.22,75.19,77.81,77.91,77.75,77.79,80.64,81.58,83.58,78.65,78.93,75.13,71.71,70.21,65.46,60.95,60.1,62.46,60.48,58.49,52.71,59.42
Massachusetts,83.99,82.71,84.91,81.72,81.92,79.16,79.87,85.87,84.29,81.95,82.86,82.85,83.74,85.02,83.58,85.01,77.07,80.37,77.2,70.63,71.99,68.14,61.94,65.66,63.78,65.61,63.95,63.86,63.03
Michigan,181.59,180.07,179.52,179.11,187.01,189.9,195.34,192.23,192.29,200.78,195.3,191.41,190.77,187.45,190.36,192.2,181.04,183,176.73,165.42,165.79,160.42,153.9,162.31,162.11,162.27,152,153.18,162.15
Minnesota,78.95,78.97,80.66,84.89,86.52,89.3,94.17,91.59,92.08,93,98.02,95.2,97.82,101.85,101.41,102.27,99.64,101.14,100.71,92.76,92.36,92.01,87.18,89.87,95.09,88.01,89.45,88.85,92.59
Mississippi,48.81,48.58,48.75,50.82,50.64,52.05,54.95,55.71,56.92,62.06,61.52,70.43,62.96,64.55,66.26,64.4,66.48,68.52,65.07,60.87,65.6,60.67,62.63,60.73,64.01,65.23,68.85,68.11,69.45
Missouri,102.89,103.11,102.79,100.96,108.52,115.86,122.13,125.61,130.44,131.12,126.07,131.02,132.2,139.09,140.04,142.81,141.02,139.95,136.72,130.86,134.65,135.22,127.66,132.92,132.44,123.05,118.12,123.53,123.73
Montana,27.13,28.34,29.58,27.49,30.2,29.85,26.98,29.03,30.79,31.32,30.7,31.94,30.29,32.55,34.28,35.31,35.47,36.92,36.21,32.66,34.56,31.62,30.41,31.71,32.15,32.11,30.63,30.62,30.71
Nebraska,33.11,33.96,32.96,36.16,36.13,38.7,39.86,41.11,43.34,42.21,41.92,43.3,42.82,43.9,43.85,44.16,44.76,45.04,47.13,47.75,50.19,52.61,50.96,53.81,52.47,50.95,48.71,48.16,52.74
Nevada,30.84,32.75,33.89,34.15,36.45,35.6,38.26,38.12,41,41.68,45.7,45.07,41.83,43.97,48.31,50.35,41.81,41.95,41.19,39.63,37.71,33.95,34.68,36.47,37.28,35.28,36.64,36.46,37.86
New Hampshire,14.8,14.41,14.57,15.02,15.09,15.18,15.4,16.64,16.76,16.94,17.58,17.05,17.76,21.08,22.14,21.42,19.54,19.31,18.88,17.16,16.65,16.27,14.62,14.33,15.02,15.2,13.73,13.5,14.2
New Jersey,109.02,110.07,116.98,113.01,122.96,122.36,121.56,122.89,119.22,123.32,122.8,120.37,120.44,121.7,124.61,129.18,122.12,129.61,127.41,110.09,114.14,114.36,103.96,107.4,113.31,111.59,110.73,102.12,108.1
New Mexico,53.47,49.26,52,52.56,52.54,51.1,52.69,55.94,55.73,56.8,58.42,58.69,55.75,57.95,59.22,59.71,60.31,59.39,56.86,57.68,53.48,55.88,53.92,53.36,50.26,50.36,48.44,49.06,45.44
New York,208.54,200.75,200,194.57,192.64,198.2,200.87,204.98,204.32,206.56,212.55,207.09,201.42,211.96,214.84,210.65,192.25,198.74,188.93,172.84,174.27,164.31,160.94,162.17,169.8,167.66,163.41,158.05,167.47
North Carolina,111.76,111.55,122.34,127.6,122.88,129.28,141.33,143.49,143.52,142.16,149.95,145.12,146.82,147.97,151.65,155.7,150.25,155.99,150.75,134.19,144.01,129.39,122.24,125.59,127.86,121.4,120.68,116.18,119.33
North Dakota,44.88,45.86,47.76,47.87,48.22,48.15,49.03,47.56,49,50.14,51.41,52.39,52.12,51.72,50.34,53.21,51.51,53.26,53.68,52.15,52.87,54.31,56.83,57.32,59.27,57.9,54.86,56.72,59.18
Ohio,246.5,244.9,250.19,254.02,250.46,252.79,265.38,260.37,259.99,259.45,266.41,255.98,262.44,270.26,266.08,273.71,266.52,270.11,262.81,237.37,249.06,237.05,217.32,231.08,232.92,213.98,207.36,206.38,208.59
Oklahoma,87.99,89.39,92.68,95.43,94.06,94.99,97.56,98.77,97.63,97.2,100.18,101.73,102.05,104.2,100.39,107.25,110.59,109.78,112.58,106.66,106.13,107.81,105.16,103.69,104.9,101,97.06,93.8,97.93
Oregon,30.24,34.06,34.99,35.19,36.8,34.15,36.24,35.87,41.31,42.39,41.11,40.95,39.41,39.85,41.04,41.35,40.57,43.99,43.01,41.04,40.77,37.26,37.03,39.17,38.04,38.1,37.88,38.67,39.51
Pennsylvania,264.32,256.7,266.39,269.35,266.79,269.22,275.24,275.99,266.13,264.99,277.47,264.77,271.64,275.18,278.7,281.45,275.93,278.47,270.37,244.78,256.23,248.74,238.3,247.47,247.09,230.69,217.44,217.32,221.29
Rhode Island,8.93,10.84,13.16,10.88,12.9,12.15,13.57,13.62,13.95,13.32,11.78,12.35,11.78,11.56,11.02,11.26,10.58,11.12,10.72,11.29,11.03,11.06,10.57,10.15,10.64,10.89,9.71,10.07,11.17
South Carolina,60.8,62.14,61.26,65.88,66.04,65.05,69.11,71.43,74.52,77.75,81.31,79.05,80.71,81.26,88.47,86.91,87.26,87.67,85.45,79.81,83.93,79.96,73.51,70.28,74.54,72.84,71.8,69.49,73.55
South Dakota,11.91,11.59,11.74,12.38,13.04,12.83,12.81,13.29,12.91,13.56,14.26,13.57,13.92,13.82,13.94,13.4,13.5,13.99,15.11,14.85,15.17,14.69,15.09,15.5,15.52,14.27,14.96,14.62,15.58
Tennessee,105.08,100.49,106.31,116.86,111.48,118.38,119.17,122.38,121.47,122.24,127.91,125.87,125.29,123.48,125.28,126.46,128.55,128.14,121.66,102.85,110.27,106.66,100.39,98.69,104.05,100.28,103.15,98.63,95.33
Texas,579.27,575.01,581.07,595.92,598.76,601.51,646.51,667.96,677.92,659.66,678.81,674.72,687.03,681.32,682.57,654.44,653.79,652.95,624.51,585.87,621.99,639.1,628.41,657.85,664.08,659.69,662.76,677.27,701.06
Utah,54.51,53.38,55.2,56.78,57.87,58.21,59.02,61.02,63.75,62.71,65.42,63.35,62.67,63.43,66.06,67.54,68.84,70.74,69.95,65.03,64.14,64.56,61.96,67.19,65.47,63.81,58.96,58.74,60.32
Vermont,5.5,5.68,6.17,6.21,6.04,6.01,6.29,6.49,6.28,6.54,6.77,6.65,6.39,6.63,7.08,6.84,6.72,6.54,5.97,6.2,5.9,5.82,5.48,5.76,5.9,6.16,5.94,5.85,5.88
Virginia,95.51,96.76,98.31,102.29,101.2,103.5,108.15,110.14,112.66,114.94,123.68,121.55,120.12,124.22,128.41,130,123.55,128.71,117.48,106.2,109.14,100.18,98.31,105.34,104.35,103.39,104.28,98.8,103.08
Washington,66.48,67.41,74.15,70.96,75.26,73.43,76.34,75.53,76.43,76.68,78.4,78.37,71.96,73.96,75.42,76.25,73.87,79.31,75.99,73.72,73.62,68.65,68.54,73.17,71.59,73.44,78.93,79.13,78.75
West Virginia,103.98,96.24,98.27,99.01,106.64,105.08,107.76,111.18,115.19,116.18,115.41,104.81,118.09,114.64,111.64,113.63,113.79,115.95,111.83,90.54,101.48,98.71,93.16,95.19,100.83,92.85,95.28,91.44,89.92
Wisconsin,86.2,88.51,87.93,90.81,94.05,96.99,101.19,103.58,102.02,106.56,108.5,106.49,107.75,105.71,108.5,111.59,103.68,105.31,105.8,96.65,98.87,97.93,90.86,101.3,101.47,100.21,95.88,98.52,101.32
Wyoming,57.23,55.51,61.48,58.3,60.54,58.32,59.7,58.93,64.12,62.77,63.54,63.92,62.72,64.62,64.68,63.86,64.72,67.05,67.56,64.23,65.66,64.42,66.85,68.82,65.83,63.88,61.08,62.53,63.62
